_________________________________________________________________

          T A B L E   T O   M A T R I X   R E P O R T
_________________________________________________________________
Time of report generation:	29-Jan-2024  06:35:51 (Monday)
Location of data:			local
_________________________________________________________________

Input raw1>> 
[(0, 0), (297, 0), (298, 0), (299, 0), (300, 0), (301, 0), (302, 0), (303, 0), (597, 0), (598, 0), (599, 0), (600, 0), (601, 0), (602, 0), (603, 0), (298, 1), (299, 1), (300, 1), (301, 1), (302, 1), (598, 1), (599, 1), (600, 1), (601, 1), (602, 1), (299, 2), (300, 2), (301, 2), (599, 2), (600, 2), (601, 2), (300, 3), (600, 3), (400, 97), (399, 98), (400, 98), (401, 98), (398, 99), (399, 99), (400, 99), (401, 99), (402, 99), (397, 100), (398, 100), (399, 100), (400, 100), (401, 100), (402, 100), (403, 100), (398, 101), (399, 101), (400, 101), (401, 101), (402, 101), (399, 102), (400, 102), (401, 102), (400, 103), (200, 197), (199, 198), (200, 198), (201, 198), (198, 199), (199, 199), (200, 199), (201, 199), (202, 199), (197, 200), (198, 200), (199, 200), (200, 200), (201, 200), (202, 200), (203, 200), (198, 201), (199, 201), (200, 201), (201, 201), (202, 201), (199, 202), (200, 202), (201, 202), (200, 203), (500, 497), (499, 498), (500, 498), (501, 498), (498, 499), (499, 499), (500, 499), (501, 499), (502, 499), (497, 500), (498, 500), (499, 500), (500, 500), (501, 500), (502, 500), (503, 500), (498, 501), (499, 501), (500, 501), (501, 501), (502, 501), (499, 502), (500, 502), (501, 502), (500, 503)]
Input raw2>> 
[(0, 0), (300, 397), (299, 398), (300, 398), (301, 398), (298, 399), (299, 399), (300, 399), (301, 399), (302, 399), (297, 400), (298, 400), (299, 400), (300, 400), (301, 400), (302, 400), (303, 400), (298, 401), (299, 401), (300, 401), (301, 401), (302, 401), (299, 402), (300, 402), (301, 402), (300, 403), (600, 597), (599, 598), (600, 598), (601, 598), (598, 599), (599, 599), (600, 599), (601, 599), (602, 599), (597, 600), (598, 600), (599, 600), (600, 600), (601, 600), (602, 600), (603, 600), (598, 601), (599, 601), (600, 601), (601, 601), (602, 601), (599, 602), (600, 602), (601, 602), (600, 603)]
Input raw3>> 
[(0, 0), (99, 298), (100, 298), (101, 298), (98, 299), (99, 299), (100, 299), (101, 299), (102, 299), (98, 300), (99, 300), (100, 300), (101, 300), (102, 300), (98, 301), (99, 301), (100, 301), (101, 301), (102, 301), (99, 302), (100, 302), (101, 302)]


raw1 Index: 107
raw2 Index: 50
raw3 Index: 21


>data1 (sorted by x-axis in ascending order)
197 200  | 198 199  | 198 200  | 198 201  | 199 198  | 199 199  | 199 200  | 199 201  | 199 202  | 200 197  | 200 198  | 200 199  | 200 200  | 200 201  | 200 202  | 200 203  | 201 198  | 201 199  | 201 200  | 201 201  | 201 202  | 202 199  | 202 200  | 202 201  | 203 200  | 297 0  | 298 0  | 298 1  | 299 0  | 299 1  | 299 2  | 300 0  | 300 1  | 300 2  | 300 3  | 301 0  | 301 1  | 301 2  | 302 0  | 302 1  | 303 0  | 397 100  | 398 99  | 398 100  | 398 101  | 399 98  | 399 99  | 399 100  | 399 101  | 399 102  | 400 97  | 400 98  | 400 99  | 400 100  | 400 101  | 400 102  | 400 103  | 401 98  | 401 99  | 401 100  | 401 101  | 401 102  | 402 99  | 402 100  | 402 101  | 403 100  | 497 500  | 498 499  | 498 500  | 498 501  | 499 498  | 499 499  | 499 500  | 499 501  | 499 502  | 500 497  | 500 498  | 500 499  | 500 500  | 500 501  | 500 502  | 500 503  | 501 498  | 501 499  | 501 500  | 501 501  | 501 502  | 502 499  | 502 500  | 502 501  | 503 500  | 597 0  | 598 0  | 598 1  | 599 0  | 599 1  | 599 2  | 600 0  | 600 1  | 600 2  | 600 3  | 601 0  | 601 1  | 601 2  | 602 0  | 602 1  | 603 0  | 

>data2 (sorted by x-axis in ascending order)
297 400  | 298 399  | 298 400  | 298 401  | 299 398  | 299 399  | 299 400  | 299 401  | 299 402  | 300 397  | 300 398  | 300 399  | 300 400  | 300 401  | 300 402  | 300 403  | 301 398  | 301 399  | 301 400  | 301 401  | 301 402  | 302 399  | 302 400  | 302 401  | 303 400  | 597 600  | 598 599  | 598 600  | 598 601  | 599 598  | 599 599  | 599 600  | 599 601  | 599 602  | 600 597  | 600 598  | 600 599  | 600 600  | 600 601  | 600 602  | 600 603  | 601 598  | 601 599  | 601 600  | 601 601  | 601 602  | 602 599  | 602 600  | 602 601  | 603 600  | 

>data3 (sorted by x-axis in ascending order)
98 299  | 98 300  | 98 301  | 99 298  | 99 299  | 99 300  | 99 301  | 99 302  | 100 298  | 100 299  | 100 300  | 100 301  | 100 302  | 101 298  | 101 299  | 101 300  | 101 301  | 101 302  | 102 299  | 102 300  | 102 301  | 

-----------------------------------------------------------------
--------- P R E L I M I N A R Y     R E P O R T -----------------
---------------------- R E P O R T   1 --------------------------
number of indexes found: 107
[	0	25	16	25	25	16	]
 4 distinct x-coordinates found!
-----------------------------------------------------------------

---------------------- R E P O R T   2 --------------------------
number of indexes found: 50
[	0	0	25	0	0	25	]
 1 distinct x-coordinates found!
-----------------------------------------------------------------

---------------------- R E P O R T   3 --------------------------
number of indexes found: 21
[	21	0	0	0	0	0	]
 0 distinct x-coordinates found!
-----------------------------------------------------------------


-----------------------------------------------------------------
  DISPLAYING LIST OF Y-COORDINATES FOR EACH RESPECTIVE X-AXIS 
-----------------------------------------------------------------
data1 y-coord: 
x100A: 
x200A: 197 198 198 198 199 199 199 199 199 200 200 200 200 200 200 200 201 201 201 201 201 202 202 202 203 
x300A: 0 0 0 0 0 0 0 1 1 1 1 1 2 2 2 3 
x400A: 97 98 98 98 99 99 99 99 99 100 100 100 100 100 100 100 101 101 101 101 101 102 102 102 103 
x500A: 497 498 498 498 499 499 499 499 499 500 500 500 500 500 500 500 501 501 501 501 501 502 502 502 503 
x600A: 0 0 0 0 0 0 0 1 1 1 1 1 2 2 2 3 
data2 y-coord: 
x100B: 
x200B: 
x300B: 397 398 398 398 399 399 399 399 399 400 400 400 400 400 400 400 401 401 401 401 401 402 402 402 403 
x400B: 
x500B: 
x600B: 597 598 598 598 599 599 599 599 599 600 600 600 600 600 600 600 601 601 601 601 601 602 602 602 603 
data3 y-coord: 
x100C: 298 298 298 299 299 299 299 299 300 300 300 300 300 301 301 301 301 301 302 302 302 
x200C: 
x300C: 
x400C: 
x500C: 
x600C: 
-----------------------------------------------------------------


------------------ M a t r i x   D i s p l a y ------------------
Clean mode: ON

------- M a t r i x   d a t a   f o r   d a t a   1 -------------
___________________________________________________
	R1	R2	R3	R4	R5	NS
D				1			
D		1					
D							
D							
R					1		
R							
_________________________________________________________________
------- M a t r i x   d a t a   f o r   d a t a   2 -------------
___________________________________________________
	R1	R2	R3	R4	R5	NS
D							
D							
D							
D			2				
R							
R						2	
_________________________________________________________________
------- M a t r i x   d a t a   f o r   d a t a   3 -------------
___________________________________________________
	R1	R2	R3	R4	R5	NS
D							
D							
D	3						
D							
R							
R							
_________________________________________________________________
----------------- F i n a l   M a t r i x -----------------------
___________________________________________________
	R1	R2	R3	R4	R5	NS
D				1			
D		1					
D	3						
D			2				
R					1		
R						2	
_________________________________________________________________

		E N D   O F   R E P O R T

-----------------------------------------------------------------

                   T h a n k   y o u

             H a v e   a   g o o d   d a y   : ) 


-----------------------------------------------------------------
