_________________________________________________________________

          T A B L E   T O   M A T R I X   R E P O R T
_________________________________________________________________
Time of report generation:	28-Jan-2024  02:19:56 (Sunday)
Location of data:			local
_________________________________________________________________

Input raw1>> 
[(0, 0), (300, 397), (299, 398), (300, 398), (301, 398), (298, 399), (299, 399), (300, 399), (301, 399), (302, 399), (297, 400), (298, 400), (299, 400), (300, 400), (301, 400), (302, 400), (303, 400), (298, 401), (299, 401), (300, 401), (301, 401), (302, 401), (299, 402), (300, 402), (301, 402), (300, 403), (100, 597), (300, 597), (99, 598), (100, 598), (101, 598), (299, 598), (300, 598), (301, 598), (98, 599), (99, 599), (100, 599), (101, 599), (102, 599), (298, 599), (299, 599), (300, 599), (301, 599), (302, 599), (97, 600), (98, 600), (99, 600), (100, 600), (101, 600), (102, 600), (103, 600), (297, 600), (298, 600), (299, 600), (300, 600), (301, 600), (302, 600), (303, 600), (98, 601), (99, 601), (100, 601), (101, 601), (102, 601), (298, 601), (299, 601), (300, 601), (301, 601), (302, 601), (99, 602), (100, 602), (101, 602), (299, 602), (300, 602), (301, 602), (100, 603), (300, 603)]
Input raw2>> 
[(0, 0), (500, 597), (499, 598), (500, 598), (501, 598), (498, 599), (499, 599), (500, 599), (501, 599), (502, 599), (497, 600), (498, 600), (499, 600), (500, 600), (501, 600), (502, 600), (503, 600), (498, 601), (499, 601), (500, 601), (501, 601), (502, 601), (499, 602), (500, 602), (501, 602), (500, 603)]
Input raw3>> 
[(0, 0), (599, 98), (600, 98), (601, 98), (598, 99), (599, 99), (600, 99), (601, 99), (602, 99), (598, 100), (599, 100), (600, 100), (601, 100), (602, 100), (598, 101), (599, 101), (600, 101), (601, 101), (602, 101), (599, 102), (600, 102), (601, 102), (299, 198), (300, 198), (301, 198), (298, 199), (299, 199), (300, 199), (301, 199), (302, 199), (298, 200), (299, 200), (300, 200), (301, 200), (302, 200), (298, 201), (299, 201), (300, 201), (301, 201), (302, 201), (299, 202), (300, 202), (301, 202), (99, 498), (100, 498), (101, 498), (98, 499), (99, 499), (100, 499), (101, 499), (102, 499), (98, 500), (99, 500), (100, 500), (101, 500), (102, 500), (98, 501), (99, 501), (100, 501), (101, 501), (102, 501), (99, 502), (100, 502), (101, 502)]


raw1 Index: 75
raw2 Index: 25
raw3 Index: 63


>data1 (sorted by x-axis in ascending order)
97 600  | 98 599  | 98 600  | 98 601  | 99 598  | 99 599  | 99 600  | 99 601  | 99 602  | 100 597  | 100 598  | 100 599  | 100 600  | 100 601  | 100 602  | 100 603  | 101 598  | 101 599  | 101 600  | 101 601  | 101 602  | 102 599  | 102 600  | 102 601  | 103 600  | 297 400  | 297 600  | 298 399  | 298 400  | 298 401  | 298 599  | 298 600  | 298 601  | 299 398  | 299 399  | 299 400  | 299 401  | 299 402  | 299 598  | 299 599  | 299 600  | 299 601  | 299 602  | 300 397  | 300 398  | 300 399  | 300 400  | 300 401  | 300 402  | 300 403  | 300 597  | 300 598  | 300 599  | 300 600  | 300 601  | 300 602  | 300 603  | 301 398  | 301 399  | 301 400  | 301 401  | 301 402  | 301 598  | 301 599  | 301 600  | 301 601  | 301 602  | 302 399  | 302 400  | 302 401  | 302 599  | 302 600  | 302 601  | 303 400  | 303 600  | 

>data2 (sorted by x-axis in ascending order)
497 600  | 498 599  | 498 600  | 498 601  | 499 598  | 499 599  | 499 600  | 499 601  | 499 602  | 500 597  | 500 598  | 500 599  | 500 600  | 500 601  | 500 602  | 500 603  | 501 598  | 501 599  | 501 600  | 501 601  | 501 602  | 502 599  | 502 600  | 502 601  | 503 600  | 

>data3 (sorted by x-axis in ascending order)
98 499  | 98 500  | 98 501  | 99 498  | 99 499  | 99 500  | 99 501  | 99 502  | 100 498  | 100 499  | 100 500  | 100 501  | 100 502  | 101 498  | 101 499  | 101 500  | 101 501  | 101 502  | 102 499  | 102 500  | 102 501  | 298 199  | 298 200  | 298 201  | 299 198  | 299 199  | 299 200  | 299 201  | 299 202  | 300 198  | 300 199  | 300 200  | 300 201  | 300 202  | 301 198  | 301 199  | 301 200  | 301 201  | 301 202  | 302 199  | 302 200  | 302 201  | 598 99  | 598 100  | 598 101  | 599 98  | 599 99  | 599 100  | 599 101  | 599 102  | 600 98  | 600 99  | 600 100  | 600 101  | 600 102  | 601 98  | 601 99  | 601 100  | 601 101  | 601 102  | 602 99  | 602 100  | 602 101  | 

-----------------------------------------------------------------
--------- P R E L I M I N A R Y     R E P O R T -----------------
---------------------- R E P O R T   1 --------------------------
number of indexes found: 75
[	25	0	50	0	0	0	]
 1 distinct x-coordinates found!
-----------------------------------------------------------------

---------------------- R E P O R T   2 ----------------------
number of indexes found: 25
[	0	0	0	0	25	0	]
 0 distinct x-coordinates found!
-----------------------------------------------------------------

---------------------- R E P O R T   3 ----------------------
number of indexes found: 63
[	21	0	21	0	0	21	]
 2 distinct x-coordinates found!
-----------------------------------------------------------------


-----------------------------------------------------------------
  DISPLAYING LIST OF Y-COORDINATES FOR EACH RESPECTIVE X-AXIS 
-----------------------------------------------------------------
data1 y-coord: 
x100A: 597 598 598 598 599 599 599 599 599 600 600 600 600 600 600 600 601 601 601 601 601 602 602 602 603 
x200A: 
x300A: 397 398 398 398 399 399 399 399 399 400 400 400 400 400 400 400 401 401 401 401 401 402 402 402 403 597 598 598 598 599 599 599 599 599 600 600 600 600 600 600 600 601 601 601 601 601 602 602 602 603 
x400A: 
x500A: 
x600A: 
data2 y-coord: 
x100B: 
x200B: 
x300B: 
x400B: 
x500B: 597 598 598 598 599 599 599 599 599 600 600 600 600 600 600 600 601 601 601 601 601 602 602 602 603 
x600B: 
data3 y-coord: 
x100C: 498 498 498 499 499 499 499 499 500 500 500 500 500 501 501 501 501 501 502 502 502 
x200C: 
x300C: 198 198 198 199 199 199 199 199 200 200 200 200 200 201 201 201 201 201 202 202 202 
x400C: 
x500C: 
x600C: 98 98 98 99 99 99 99 99 100 100 100 100 100 101 101 101 101 101 102 102 102 
-----------------------------------------------------------------


------------------ M a t r i x   D i s p l a y ------------------
Clean mode: ON

------- M a t r i x   d a t a   f o r   d a t a   1 -------------
___________________________________________________
	R1	R2	R3	R4	R5	NS
D							
D							
D							
D			1				
R							
R	1		1				
_________________________________________________________________
------- M a t r i x   d a t a   f o r   d a t a   2 -------------
___________________________________________________
	R1	R2	R3	R4	R5	NS
D							
D							
D							
D							
R							
R					2		
_________________________________________________________________
------- M a t r i x   d a t a   f o r   d a t a   3 -------------
___________________________________________________
	R1	R2	R3	R4	R5	NS
D						3	
D			3				
D							
D							
R	3						
R							
_________________________________________________________________
----------------- F i n a l   M a t r i x -----------------------
___________________________________________________
	R1	R2	R3	R4	R5	NS
D						3	
D			3				
D							
D			1				
R	3						
R	1		1		2		
_________________________________________________________________

		E N D   O F   R E P O R T

-----------------------------------------------------------------

                   T h a n k   y o u

             H a v e   a   g o o d   d a y   : ) 


-----------------------------------------------------------------
